      1    Mar 15 2023    29.6931    23.1088       1277  74.418866     50.252     8.0081  31.249734     0.3445 5.3368e-02    282.622 (avg)
              10:04:01                                3 8.1482e-06      0.116     0.0004   0.000450     0.0099 4.7224e-05      0.077 (sdev)
                                                   1273  74.418854     50.086     8.0078  31.249082     0.3250 5.3308e-02    282.501 (min)
                                                   1281  74.418877     50.436     8.0089  31.250407     0.3548 5.3448e-02    282.720 (max)
      2    Mar 15 2023    29.6669    23.0881       1433  74.419317     40.268     8.0079  31.220557     0.3288 5.3400e-02    282.577 (avg)
              10:04:40                                3 8.2591e-06      0.189     0.0001   0.002142     0.0072 4.2374e-05      0.182 (sdev)
                                                   1429  74.419306     40.000     8.0077  31.217878     0.3111 5.3343e-02    282.340 (min)
                                                   1437  74.419329     40.538     8.0080  31.223053     0.3349 5.3460e-02    282.929 (max)
      3    Mar 15 2023    29.4261    22.9017       1580  74.419742     30.317     7.9901  30.973060     0.3438 5.3376e-02    285.087 (avg)
              10:05:16                                3 7.8062e-06      0.187     0.0008   0.013192     0.0147 4.4997e-05      0.142 (sdev)
                                                   1576  74.419731     30.039     7.9890  30.949586     0.3250 5.3320e-02    284.923 (min)
                                                   1584  74.419754     30.595     7.9911  30.993303     0.3677 5.3448e-02    285.319 (max)
      4    Mar 15 2023    27.1731    21.1674       1792  74.420356     15.448     7.7477  28.630509     0.4078 1.4942e-01    291.062 (avg)
              10:06:09                                3 8.0922e-06      0.198     0.0043   0.052179     0.0062 1.0433e-02      0.427 (sdev)
                                                   1788  74.420344     15.152     7.7414  28.533854     0.3984 1.3481e-01    290.637 (min)
                                                   1796  74.420367     15.730     7.7555  28.679684     0.4173 1.6404e-01    291.729 (max)
      5    Mar 15 2023    24.3469    18.9844       1927  74.420747      5.502     7.4837  25.729329     0.4863 6.6208e+00    295.246 (avg)
              10:06:43                                3 7.6888e-06      0.201     0.0115   0.085013     0.0046 6.0360e-01      1.420 (sdev)
                                                   1923  74.420735      5.212     7.4615  25.591327     0.4758 5.7772e+00    293.457 (min)
                                                   1931  74.420758      5.801     7.4970  25.828144     0.4916 7.5473e+00    297.327 (max)
      6    Mar 15 2023    21.7900    17.0334       2008  74.420981      1.901     7.0000  22.957806     0.8274 4.1573e+01    304.990 (avg)
              10:07:03                                3 8.2038e-06      0.059     0.0132   0.064731     0.0224 1.7012e+00      0.542 (sdev)
                                                   2004  74.420969      1.817     6.9844  22.871070     0.7961 3.9774e+01    304.298 (min)
                                                   2012  74.420992      1.956     7.0186  23.071518     0.8685 4.3888e+01    305.881 (max)
